5.860000000000001e-07 -0.08816707642666322
5.860822784810126e-07 -0.030817872357087796
5.861645569620254e-07 -0.08147115979943131
5.86246835443038e-07 0.05312506358342825
5.863291139240506e-07 -0.0443371810023033
5.864113924050634e-07 0.05030442918369822
5.86493670886076e-07 -0.09255979191090591
5.865759493670886e-07 0.03109827096818107
5.866582278481014e-07 -0.18608252672659167
5.86740506329114e-07 -0.18045529877472735
5.868227848101266e-07 0.13296564219430945
5.869050632911392e-07 -0.04984662331653525
5.869873417721519e-07 -0.14866194388282433
5.870696202531646e-07 0.11459273214290357
5.871518987341772e-07 0.035213151299486996
5.8723417721519e-07 0.004678071681404708
5.873164556962026e-07 0.1577740794164458
5.873987341772152e-07 -0.046352424107169554
5.87481012658228e-07 0.12430196448484691
5.875632911392405e-07 0.14139622953634154
5.876455696202531e-07 -0.1256245330585787
5.877278481012659e-07 0.07141023300328495
5.878101265822785e-07 0.03364659049028293
5.878924050632911e-07 -0.11286651454812455
5.879746835443039e-07 -0.001027013200508202
5.880569620253165e-07 0.09792532187185146
5.881392405063292e-07 0.07979009542046327
5.882215189873419e-07 -0.0841912241473318
5.883037974683544e-07 0.08556902210792919
5.883860759493671e-07 0.07531128694437016
5.884683544303797e-07 0.3292334071993185
5.885506329113924e-07 0.4338577881710232
5.886329113924051e-07 0.7747036450793021
5.887151898734177e-07 0.9342097692872746
5.887974683544305e-07 1.469814276481244
5.888797468354431e-07 1.5874313829866857
5.889620253164557e-07 1.995892857773399
5.890443037974685e-07 2.092613921433352
5.89126582278481e-07 1.869708844138195
5.892088607594936e-07 1.5266364171477453
5.892911392405064e-07 1.4139779947318014
5.89373417721519e-07 1.480315423402964
5.894556962025317e-07 1.2632437115545916
5.895379746835444e-07 1.1018544998928914
5.89620253164557e-07 0.9613302132428116
5.897025316455697e-07 0.9139421623111088
5.897848101265824e-07 0.8720510421447306
5.898670886075949e-07 0.6403076912351542
5.899493670886076e-07 0.37675460431949015
5.900316455696202e-07 0.33144174491600187
5.90113924050633e-07 0.19531837652647582
5.901962025316456e-07 -0.00700704054629251
5.902784810126582e-07 0.07652148483852299
5.90360759493671e-07 0.1222711418540819
5.904430379746836e-07 -0.01910899795268436
5.905253164556962e-07 0.00550668271022121
5.906075949367089e-07 -0.03670126237300785
5.906898734177215e-07 0.0810635225284912
5.907721518987342e-07 0.09249449686304702
5.908544303797469e-07 0.0905357619595399
5.909367088607595e-07 -0.04875261478689051
5.910189873417722e-07 -0.013713782546304617
5.911012658227849e-07 0.11391067311242868
5.911835443037975e-07 0.07508968447813649
5.912658227848102e-07 -0.017965192790090755
5.913481012658228e-07 0.017562230243826173
5.914303797468355e-07 -0.05467127748246774
5.915126582278481e-07 -0.0807889974916698
5.915949367088608e-07 -0.029693567541478755
5.916772151898735e-07 0.11646402409079644
5.917594936708861e-07 0.13292037516686778
5.918417721518987e-07 -0.17925328176634697
5.919240506329115e-07 0.04803127767234467
5.920063291139241e-07 0.20714430462967148
5.920886075949367e-07 -0.10525488696600781
5.921708860759494e-07 0.07446650896652776
5.92253164556962e-07 -0.02217615787538048
5.923354430379747e-07 0.037286678118739876
5.924177215189874e-07 -0.08657611465735308
5.925e-07 0.10944163265363081
